[gd_scene load_steps=7 format=3 uid="uid://oekrs2nrluxh"]

[sub_resource type="PhysicsMaterial" id="PhysicsMaterial_xoy2y"]

[sub_resource type="BoxShape3D" id="BoxShape3D_dpsrt"]

[sub_resource type="BoxMesh" id="BoxMesh_8hk53"]

[sub_resource type="BoxShape3D" id="BoxShape3D_yyabd"]
size = Vector3(30, 1, 30)

[sub_resource type="StandardMaterial3D" id="StandardMaterial3D_r0s76"]
render_priority = 127

[sub_resource type="BoxMesh" id="BoxMesh_tiyme"]
material = SubResource("StandardMaterial3D_r0s76")
size = Vector3(30, 1, 30)

[node name="Level" type="Node3D"]

[node name="box" type="RigidBody3D" parent="."]
transform = Transform3D(0.856745, 0.515741, 0, -0.468645, 0.778509, 0.417486, 0.215315, -0.357679, 0.908683, 0, 4.25452, 0)
physics_material_override = SubResource("PhysicsMaterial_xoy2y")

[node name="CollisionShape3D" type="CollisionShape3D" parent="box"]
shape = SubResource("BoxShape3D_dpsrt")

[node name="MeshInstance3D" type="MeshInstance3D" parent="box"]
mesh = SubResource("BoxMesh_8hk53")

[node name="Camera3D" type="Camera3D" parent="."]
transform = Transform3D(-0.737851, -0.226261, 0.63591, -0.00444372, 0.943748, 0.330635, -0.674949, 0.241134, -0.697351, 6.05517, 4.56625, -5.33328)
fov = 65.2527

[node name="floor" type="StaticBody3D" parent="."]
transform = Transform3D(1, 0, 0, 0, 1, 0, 0, 0, 1, -0.0387025, -0.502603, -0.0890191)
disable_mode = 2

[node name="colllision shape" type="CollisionShape3D" parent="floor"]
transform = Transform3D(1, 0, 0, 0, 1, 0, 0, 0, 1, 0.00645733, 1.19209e-07, 0.0198717)
shape = SubResource("BoxShape3D_yyabd")

[node name="MeshInstance3D" type="MeshInstance3D" parent="floor"]
mesh = SubResource("BoxMesh_tiyme")

[node name="OmniLight3D" type="OmniLight3D" parent="."]
transform = Transform3D(-0.868502, 0, 0.495686, 0, 1, 0, -0.495686, 0, -0.868502, 3.76557, 4.92515, -0.033247)
light_energy = 2.812
light_indirect_energy = 1.285
omni_range = 26.8548
