[gd_scene load_steps=7 format=3 uid="uid://b0rumxjrsvqmw"]

[ext_resource type="PackedScene" uid="uid://bqracl43dvlb4" path="res://character_body_3d.tscn" id="1_t72va"]
[ext_resource type="Script" path="res://character_body_3d.gd" id="2_tcs7g"]

[sub_resource type="BoxShape3D" id="BoxShape3D_jeubl"]
size = Vector3(30, 1, 30)

[sub_resource type="BoxMesh" id="BoxMesh_v7dab"]
size = Vector3(30, 1, 30)

[sub_resource type="BoxShape3D" id="BoxShape3D_1dpqi"]

[sub_resource type="BoxMesh" id="BoxMesh_xuhqb"]

[node name="Level" type="Node3D"]
transform = Transform3D(-0.764584, 0, -0.644524, 0, 1, 0, 0.644524, 0, -0.764584, 0.0533905, 0, 0)

[node name="Camera3D" type="Camera3D" parent="."]
transform = Transform3D(0.843246, 0.252953, -0.474289, 0.0648147, 0.828067, 0.556869, 0.533605, -0.500319, 0.68187, -7.60922, 5.37517, 9.22452)

[node name="floor" type="StaticBody3D" parent="."]
transform = Transform3D(1, 0, 1.78814e-07, 0, 1, 0, -1.78814e-07, 0, 1, 0, -1, 0)

[node name="CollisionShape3D" type="CollisionShape3D" parent="floor"]
shape = SubResource("BoxShape3D_jeubl")

[node name="MeshInstance3D" type="MeshInstance3D" parent="floor"]
transform = Transform3D(1, 0, 1.78814e-07, 0, 1, 0, -1.78814e-07, 0, 1, 0, 0, 0)
mesh = SubResource("BoxMesh_v7dab")

[node name="RigidBody3D" type="RigidBody3D" parent="."]

[node name="CollisionShape3D" type="CollisionShape3D" parent="RigidBody3D"]
shape = SubResource("BoxShape3D_1dpqi")

[node name="MeshInstance3D" type="MeshInstance3D" parent="RigidBody3D"]
transform = Transform3D(0.835653, -0.531499, -0.13854, 0.531499, 0.718867, 0.44804, -0.138541, -0.448039, 0.883214, -2.39642, 12.5052, -2.02012)
mesh = SubResource("BoxMesh_xuhqb")

[node name="RigidBody3D2" type="RigidBody3D" parent="."]
transform = Transform3D(1, 0, 1.19209e-07, 0, 1, 0, -1.19209e-07, 0, 1, 0, 2.43402, 0)

[node name="CollisionShape3D" type="CollisionShape3D" parent="RigidBody3D2"]
shape = SubResource("BoxShape3D_1dpqi")

[node name="MeshInstance3D" type="MeshInstance3D" parent="RigidBody3D2"]
transform = Transform3D(0.953882, -0.297653, -0.038876, 0.297653, 0.921111, 0.250914, -0.0388763, -0.250914, 0.967229, -2.69247, 7.24579, -2.26968)
mesh = SubResource("BoxMesh_xuhqb")

[node name="CharacterBody3D" parent="." instance=ExtResource("1_t72va")]
transform = Transform3D(1, 0, 2.68221e-07, 0, 1, 0, -2.68221e-07, 0, 1, -1.97604, 0.480814, -0.255499)
script = ExtResource("2_tcs7g")

[node name="OmniLight3D3" type="OmniLight3D" parent="."]
transform = Transform3D(1, 0, 2.98023e-08, 0, 1, 0, -2.98023e-08, 0, 1, 5.37664, 10.9803, -41.8208)
light_color = Color(0.0117647, 1, 1, 1)
light_energy = 5.876
omni_range = 119.661

[node name="OmniLight3D" type="OmniLight3D" parent="."]
transform = Transform3D(1, 0, 2.98023e-08, 0, 1, 0, -2.98023e-08, 0, 1, 6.55312, 4.4795, -0.713315)
light_color = Color(0.0117647, 1, 1, 1)

[node name="OmniLight3D2" type="OmniLight3D" parent="."]
transform = Transform3D(1, 0, 2.98023e-08, 0, 1, 0, -2.98023e-08, 0, 1, -10.2493, 4.28764, -8.63991)
light_color = Color(0.0117647, 1, 1, 1)
